100
1000 999
1000 999
-1000 -998
0 0
-1 -2
0 0
1 2
1 2
2 3
0 0
-1 -2
0 0
1000 999
1000 999
-1000 -998
0 0
-1 -2
0 0
89 223
144 200
2 3
0 0
-1 -2
0 0
1 2
1000 999
1000 999
-1000 -998
-1 -2
0 0
1 2
1 2
2 3
0 0
-1 -2
0 0
1 2
1000 999
1000 999
-1000 -998
-1 -2
0 0
112 12
917 862
2 3
0 0
-1 -2
0 0
1 2
1000 999
1000 999
-1000 -998
-1 -2
1000 999
1000 999
-1000 -998
-1 -2
0 0
112 12
917 862
112 12
917 862
2 3
0 0
-1 -2
0 0
1 2
1 2
1000 999
1000 999
-1000 -998
-1 -2
0 0
112 12
917 862
2 3
0 0
-1 -2
0 0
453 999
1000 999
-345 -998
-1 -2
0 0
112 12
-917 862
-1 -2
0 0
2 3
-1 -2
324 999
34 999
-567 -998
-1 -2
112 12
917 862
-1 -2
-91 -233
-1 2
-2 332